5374023 5570639 0
-572662307 -572662307 -572662307
-572662307 -572662307 -572662307
5374023 5570639 0
-572662307 -572662307 -572662307
-572662307 -572662307 -572662307
-572662307 -572662307 -572662307
-572662307 -572662307 -572662307
-572662307 -572662307 -572662307
-572662307 -572662307 -572662307
0 0 0
-572662307 -572662307 -572662307
-572662307 -572662307 -572662307
-572662307 -572662307 -572662307
-572662307 -572662307 -572662307
-572662307 -572662307 -572662307
-572662307 -572662307 -572662307
0 0 0
-572662307 -572662307 -572662307
10100 6452 1144512
-572662307 -572662307 -572662307
0 0 0
-572662307 -572662307 -572662307
-572662307 -572662307 -572662307
10100 6452 1144512
-572662307 -572662307 -572662307
-572662307 -572662307 -572662307
-572662307 -572662307 -572662307
-572662307 -572662307 -572662307
-572662307 -572662307 -572662307
